0.0 676796.0232690629 4618687.861750235 676796.0232690629 4618687.861750235
0.26858282694594526 676796.0232690629 4618687.861750235 676796.1621626168 4618687.631869145
0.4759847662728345 676796.0232690629 4618687.861750235 676796.3074590741 4618687.4799158005
0.7406345001268717 676796.0232690629 4618687.861750235 676796.4871363826 4618687.28437118
0.9183656283475461 676796.0232690629 4618687.861750235 676796.6477049985 4618687.18834457
1.0097580694642168 676796.0232690629 4618687.861750235 676796.7239657433 4618687.134676978
0.9891756796158185 676796.0232690629 4618687.861750235 676796.7395119271 4618687.179500512
0.9828215595914667 676796.0232690629 4618687.861750235 676796.7717004559 4618687.224734797
1.0373140794857543 676796.0232690629 4618687.861750235 676796.8060813015 4618687.181143521
1.0403750499295974 676796.0232690629 4618687.861750235 676796.7899870384 4618687.15852638
1.0373140794857543 676796.0232690629 4618687.861750235 676796.8060813015 4618687.181143521
1.104151025594861 676796.0232690629 4618687.861750235 676796.8571044928 4618687.137962999
1.1343347947776752 676796.0232690629 4618687.861750235 676796.9067574823 4618687.150298452
1.2127373384442373 676796.0232690629 4618687.861750235 676797.0307529372 4618687.186688686
1.2179274915597245 676796.0232690629 4618687.861750235 676797.0790357265 4618687.254540117
1.2876588655952865 676796.0232690629 4618687.861750235 676797.2174811972 4618687.3801666675
1.3290045349117496 676796.0232690629 4618687.861750235 676797.2826803665 4618687.437325657
1.409668582780185 676796.0232690629 4618687.861750235 676797.3814382603 4618687.4842029605
1.4995851433572467 676796.0232690629 4618687.861750235 676797.4807442349 4618687.508873875
1.4636174132174349 676796.0232690629 4618687.861750235 676797.476359579 4618687.6865249965
1.4736725052474657 676796.0232690629 4618687.861750235 676797.495294189 4618687.931411421
1.5559978250770083 676796.0232690629 4618687.861750235 676797.5671702744 4618688.055394962
1.575521322458283 676796.0232690629 4618687.861750235 676797.5544644453 4618688.232840707
1.62492902939156 676796.0232690629 4618687.861750235 676797.5678182917 4618688.366489802
1.6411599138866504 676796.0232690629 4618687.861750235 676797.530971076 4618688.51000983
1.6525637256007149 676796.0232690629 4618687.861750235 676797.4428266352 4618688.707813569
1.7658436881296025 676796.0232690629 4618687.861750235 676797.3774533799 4618688.995059004
1.9060700882583725 676796.0232690629 4618687.861750235 676797.3636513915 4618689.216917529
2.026404727540514 676796.0232690629 4618687.861750235 676797.1981500754 4618689.512801635
2.1712242291376227 676796.0232690629 4618687.861750235 676797.1937654237 4618689.690452759
2.338813501157603 676796.0232690629 4618687.861750235 676797.205749068 4618689.87961783
2.5290881002040213 676796.0232690629 4618687.861750235 676797.0907228614 4618690.1545278095
2.7163387229912335 676796.0232690629 4618687.861750235 676797.0519573755 4618690.375770206
2.8851649000948063 676796.0232690629 4618687.861750235 676797.0054188072 4618690.574600835
2.9489652454211677 676796.0232690629 4618687.861750235 676796.978537021 4618690.651707071
3.1110475028884474 676796.0232690629 4618687.861750235 676796.8903926173 4618690.849510819
3.2303204151357217 676796.0232690629 4618687.861750235 676796.8202607536 4618690.992209343
3.4151492251377973 676796.0232690629 4618687.861750235 676796.6899624432 4618691.211192601
3.5677199583466974 676796.0232690629 4618687.861750235 676796.5774026334 4618691.386173831
3.7378540503223037 676796.0232690629 4618687.861750235 676796.4728899554 4618691.572463637
3.558303961002411 676796.0232690629 4618687.861750235 676796.58599784 4618691.375276014
3.7525292398876884 676796.0232690629 4618687.861750235 676796.4975794149 4618691.584182959
4.042929210221912 676796.0232690629 4618687.861750235 676796.3484464749 4618691.8915810315
4.266187417549236 676796.0232690629 4618687.861750235 676796.2428376514 4618692.122283619
4.656066761552911 676796.0232690629 4618687.861750235 676796.0582277544 4618692.517685756
4.778177449807554 676796.0232690629 4618687.861750235 676796.055213323 4618692.639820903
4.899810469850048 676796.0232690629 4618687.861750235 676796.0355565614 4618692.761545298
5.109574345916031 676796.0232690629 4618687.861750235 676795.9721016609 4618692.971068379
4.9249705999911795 676796.0232690629 4618687.861750235 676796.118220133 4618692.785805444
5.165523841450797 676796.0232690629 4618687.861750235 676795.9956949594 4618693.027200479
5.06681452889297 676796.0232690629 4618687.861750235 676796.048088303 4618692.928503976
5.056809030110048 676796.0232690629 4618687.861750235 676796.0816470016 4618692.918222284
5.133938071790678 676796.0232690629 4618687.861750235 676796.063086397 4618692.9955338985
5.277304534304882 676796.0232690629 4618687.861750235 676796.0262392281 4618693.139053933
5.222744754061567 676796.0232690629 4618687.861750235 676796.0608940828 4618693.0843594605
5.2014021632170095 676796.0232690629 4618687.861750235 676796.0864056554 4618693.062769196
5.377908883409354 676796.0232690629 4618687.861750235 676796.0487363684 4618693.239598817
5.642883694507045 676796.0232690629 4618687.861750235 676795.9755901105 4618693.504432497
5.709514482427283 676796.0232690629 4618687.861750235 676795.9739458754 4618693.571051667
5.676339430723862 676796.0232690629 4618687.861750235 676795.9830891571 4618693.537947457
5.6332546703153845 676796.0232690629 4618687.861750235 676796.0424334651 4618693.494972306
5.9202792154485016 676796.0232690629 4618687.861750235 676795.9520968033 4618693.781601626
6.1865030557229055 676796.0232690629 4618687.861750235 676795.8290235717 4618694.045203052
6.475326649928087 676796.0232690629 4618687.861750235 676795.8135773944 4618694.333680753
6.842380166657406 676796.0232690629 4618687.861750235 676795.7546071284 4618694.698853943
6.520325466787405 676796.0232690629 4618687.861750235 676795.9622621769 4618694.381790292
6.553408721139507 676796.0232690629 4618687.861750235 676795.9447977331 4618694.414689126
6.453828101469665 676796.0232690629 4618687.861750235 676795.9722275755 4618694.315376497
6.420815221684992 676796.0232690629 4618687.861750235 676795.9896920219 4618694.282477662
6.3547282046534495 676796.0232690629 4618687.861750235 676796.0162997475 4618694.216474618
6.575351402566213 676796.0232690629 4618687.861750235 676795.9192861654 4618694.436279391
6.608601684367413 676796.0232690629 4618687.861750235 676795.9101428848 4618694.4693836
6.664132995749154 676796.0232690629 4618687.861750235 676795.908772689 4618694.524899578
6.69751903394997 676796.0232690629 4618687.861750235 676795.9162717345 4618694.558414537
6.741876872601112 676796.0232690629 4618687.861750235 676795.9068544148 4618694.602621944
6.708702647154612 676796.0232690629 4618687.861750235 676795.9243188582 4618694.569723108
6.676069549771126 676796.0232690629 4618687.861750235 676795.9750679536 4618694.537645777
6.676220029215885 676796.0232690629 4618687.861750235 676795.9833891186 4618694.537851153
6.621612542485309 676796.0232690629 4618687.861750235 676796.0263651301 4618694.4833620535
6.711345964076188 676796.0232690629 4618687.861750235 676796.0574574671 4618694.573009118
6.934146628341998 676796.0232690629 4618687.861750235 676796.0769401691 4618694.79568915
7.234692027675166 676796.0232690629 4618687.861750235 676796.0945045907 4618695.096091548
7.479470216762528 676796.0232690629 4618687.861750235 676796.1051180456 4618695.340772595
7.792474732669223 676796.0232690629 4618687.861750235 676796.1556930721 4618695.653099691
8.118053012885925 676796.0232690629 4618687.861750235 676796.2309575352 4618695.9771461105
8.452088072501102 676796.0232690629 4618687.861750235 676796.2476998261 4618696.310858094
8.687660507985603 676796.0232690629 4618687.861750235 676796.2918719532 4618696.545257452
8.953373766003761 676796.0232690629 4618687.861750235 676796.2769738343 4618696.811528762
9.175200745188542 676796.0232690629 4618687.861750235 676796.2714930355 4618697.033592666
9.482685068383379 676796.0232690629 4618687.861750235 676796.1972506372 4618697.342839124
9.758449249862768 676796.0232690629 4618687.861750235 676796.1487938438 4618697.619392127
9.989820889189977 676796.0232690629 4618687.861750235 676796.0931120509 4618697.85132697
10.11274461304245 676796.0232690629 4618687.861750235 676796.1150610928 4618697.974078247
10.201547057143065 676796.0232690629 4618687.861750235 676796.1128687746 4618698.062903809
10.2570490253769 676796.0232690629 4618687.861750235 676796.1114985757 4618698.118419785
10.21321727523431 676796.0232690629 4618687.861750235 676796.1292370525 4618698.074417756
10.257910222329112 676796.0232690629 4618687.861750235 676796.136462052 4618698.119035913
10.290915915949016 676796.0232690629 4618687.861750235 676796.1273187737 4618698.152140123
10.181143076060954 676796.0232690629 4618687.861750235 676796.1633438074 4618698.041929673
10.016025396946134 676796.0232690629 4618687.861750235 676796.2007390438 4618697.876203248
9.939827590069049 676796.0232690629 4618687.861750235 676796.2359419598 4618697.799302386
9.788294286389348 676796.0232690629 4618687.861750235 676796.3146689554 4618697.645706037
9.668688225823567 676796.0232690629 4618687.861750235 676796.3592891936 4618697.52459777
9.550971731741164 676796.0232690629 4618687.861750235 676796.4288729142 4618697.404105633
9.455370179247875 676796.0232690629 4618687.861750235 676796.4895873944 4618697.30561451
9.58049658890626 676796.0232690629 4618687.861750235 676796.3698026742 4618697.435977585
9.321840770499579 676796.0232690629 4618687.861750235 676796.4845547181 4618697.172170789
9.269003307932147 676796.0232690629 4618687.861750235 676796.5192095616 4618697.117476319
9.107032302153316 676796.0232690629 4618687.861750235 676796.5732471276 4618696.952160648
7.131374234510927 676796.0232690629 4618687.861750235 676795.730839791 4618694.987126267
6.659214915836716 676796.0232690629 4618687.861750235 676795.5678790376 4618694.505375993
6.326742195432009 676796.0232690629 4618687.861750235 676795.567779033 4618694.172074762
6.259032736470577 676796.0232690629 4618687.861750235 676795.5943867549 4618694.106071716
6.091524252263485 676796.0232690629 4618687.861750235 676795.6234608274 4618693.940139914
6.102967769991142 676796.0232690629 4618687.861750235 676795.6148656253 4618693.951037733
6.136257868025493 676796.0232690629 4618687.861750235 676795.6140435091 4618693.98434732
6.225383588853854 676796.0232690629 4618687.861750235 676795.6035300364 4618694.072967505
6.168554348116869 676796.0232690629 4618687.861750235 676795.6381848839 4618694.0182730295
6.0680511775175585 676796.0232690629 4618687.861750235 676795.6572935595 4618693.918755025
6.012553950434184 676796.0232690629 4618687.861750235 676795.6586637531 4618693.863239048
6.000606000511195 676796.0232690629 4618687.861750235 676795.683901283 4618693.852751978
6.078312964096806 676796.0232690629 4618687.861750235 676795.6819830117 4618693.930474345
6.088680129468342 676796.0232690629 4618687.861750235 676795.706672466 4618693.942193666
6.065652960251068 676796.0232690629 4618687.861750235 676795.7405051982 4618693.920808778
5.8874799819438755 676796.0232690629 4618687.861750235 676795.7698533114 4618693.743773781
6.13139520183369 676796.0232690629 4618687.861750235 676795.7887879466 4618693.9886602005
6.31977902225758 676796.0232690629 4618687.861750235 676795.8257351037 4618694.178441396
5.997695664554903 676796.0232690629 4618687.861750235 676795.9168938741 4618693.8585024895
5.831808068094684 676796.0232690629 4618687.861750235 676795.9792526084 4618693.69339219
5.9433299910191675 676796.0232690629 4618687.861750235 676796.00147571 4618693.805040269
5.955010060370849 676796.0232690629 4618687.861750235 676796.026165162 4618693.816759591
6.16639747070331 676796.0232690629 4618687.861750235 676796.0376007427 4618694.028131051
7.241966198505184 676796.0232690629 4618687.861750235 676795.927807301 4618695.10308723
8.618719395018969 676796.0232690629 4618687.861750235 676795.8272571431 4618696.478240433
9.007745011107545 676796.0232690629 4618687.861750235 676795.8759138945 4618696.868289894
9.385116155472126 676796.0232690629 4618687.861750235 676795.8249907584 4618697.244771655
9.518630809931906 676796.0232690629 4618687.861750235 676795.8633080854 4618697.3790368745
9.607192232170558 676796.0232690629 4618687.861750235 676795.7945464922 4618697.466219433
9.607192232170558 676796.0232690629 4618687.861750235 676795.7945464922 4618697.466219433
9.37395421532921 676796.0232690629 4618687.861750235 676795.7836589965 4618697.232641582
9.907069689286198 676796.0232690629 4618687.861750235 676795.770505114 4618697.765594954
10.318022952695324 676796.0232690629 4618687.861750235 676795.7520445033 4618698.176207801
10.495744451888543 676796.0232690629 4618687.861750235 676795.739338717 4618698.353653549
10.595755672175972 676796.0232690629 4618687.861750235 676795.7202300471 4618698.453171557
9.063428869237539 676796.0232690629 4618687.861750235 676795.70812049 4618696.91969836
6.887707143484384 676796.0232690629 4618687.861750235 676795.7035839965 4618694.74203447
5.599948147317293 676796.0232690629 4618687.861750235 676795.7270513368 4618693.453858452
4.390255075738943 676796.0232690629 4618687.861750235 676795.7486003959 4618692.243404803
3.171158389152746 676796.0232690629 4618687.861750235 676795.7537811481 4618691.021437212
2.28960813675291 676796.0232690629 4618687.861750235 676795.7257772274 4618690.131949351
1.5040403351967786 676796.0232690629 4618687.861750235 676795.7039021507 4618689.331492425
0.8156274862038357 676796.0232690629 4618687.861750235 676795.6967511356 4618688.609168618
0.4307502300913664 676796.0232690629 4618687.861750235 676795.6044701376 4618687.962513427
0.6069480883201762 676796.0232690629 4618687.861750235 676795.5668748255 4618687.461637398
1.0864497768843755 676796.0232690629 4618687.861750235 676795.5730776658 4618686.8729626825
1.6094278450009787 676796.0232690629 4618687.861750235 676795.5365784911 4618686.327673876
1.830642946074863 676796.0232690629 4618687.861750235 676795.4752158268 4618686.115070171
1.981772817778923 676796.0232690629 4618687.861750235 676795.5042899139 4618685.94913837
2.2579505598874845 676796.0232690629 4618687.861750235 676795.5197360695 4618685.660660674
2.4148346090757298 676796.0232690629 4618687.861750235 676795.4986090761 4618685.504599818
2.3167146099071325 676796.0232690629 4618687.861750235 676795.5463438162 4618685.594657627
2.492423805365749 676796.0232690629 4618687.861750235 676795.6511305819 4618685.397264614
2.489586807805048 676796.0232690629 4618687.861750235 676795.667772929 4618685.397675363
2.3600735778353155 676796.0232690629 4618687.861750235 676795.5976410457 4618685.540373901
2.312943361793679 676796.0232690629 4618687.861750235 676795.562986163 4618685.5950683765
2.3002664756178097 676796.0232690629 4618687.861750235 676795.5710332984 4618685.606376946
2.4729236968245036 676796.0232690629 4618687.861750235 676795.1982247144 4618685.530515919
2.2556542128865167 676796.0232690629 4618687.861750235 676794.7537401149 4618685.997273853
2.436714351112868 676796.0232690629 4618687.861750235 676795.2728412396 4618685.543467484
2.851507909773965 676796.0232690629 4618687.861750235 676795.8770724392 4618685.013992537
2.9341321459570566 676796.0232690629 4618687.861750235 676796.2037905427 4618684.933176615
3.1595787889673397 676796.0232690629 4618687.861750235 676796.2841618898 4618684.7129610935
3.433924780036632 676796.0232690629 4618687.861750235 676796.4072352708 4618684.449359673
3.5544178955685606 676796.0232690629 4618687.861750235 676796.5098297613 4618684.340792231
3.536267065566628 676796.0232690629 4618687.861750235 676796.5425663843 4618684.363820125
3.484351270878278 676796.0232690629 4618687.861750235 676796.5661597122 4618684.419952228
3.1995107660610604 676796.0232690629 4618687.861750235 676796.5673558646 4618684.708840675
3.0989980600694573 676796.0232690629 4618687.861750235 676796.6228636932 4618684.821310258
3.176409492310195 676796.0232690629 4618687.861750235 676796.6910773246 4618684.756334097
3.5492947082443638 676796.0232690629 4618687.861750235 676796.8246642146 4618684.4041124955
2.9881442147584854 676796.0232690629 4618687.861750235 676796.6118021226 4618684.932136833
2.841637684571533 676796.0232690629 4618687.861750235 676796.4340430329 4618685.049959084
2.649138297408109 676796.0232690629 4618687.861750235 676796.2632349264 4618685.223502691
2.5127898226678225 676796.0232690629 4618687.861750235 676796.201698242 4618685.355303403
2.688113675002896 676796.0232690629 4618687.861750235 676796.1311922985 4618685.175803902
2.621270963171446 676796.0232690629 4618687.861750235 676796.1129057187 4618685.242012322
2.499104437210016 676796.0232690629 4618687.861750235 676796.0599642495 4618685.362915216
2.333583788636586 676796.0232690629 4618687.861750235 676796.0059266278 4618685.528230889
2.279038046715262 676796.0232690629 4618687.861750235 676795.979592915 4618685.583130738
2.1335020919633005 676796.0232690629 4618687.861750235 676796.0093151095 4618685.728293776
2.0551380761794786 676796.0232690629 4618687.861750235 676796.0323603589 4618685.806632267
1.9885127424747737 676796.0232690629 4618687.861750235 676796.0307161273 4618685.873251437
1.9438112653614623 676796.0232690629 4618687.861750235 676796.0462623187 4618685.918074967
1.9436686858511019 676796.0232690629 4618687.861750235 676796.0629046648 4618685.918485719
1.765945641356848 676796.0232690629 4618687.861750235 676796.066841219 4618686.096342215
1.6660072474649736 676796.0232690629 4618687.861750235 676796.0726960436 4618686.196476347
1.5995419250702319 676796.0232690629 4618687.861750235 676796.0876941587 4618686.263506268
1.5552771132581413 676796.0232690629 4618687.861750235 676796.0949191763 4618686.308124424
1.4555566211489324 676796.0232690629 4618687.861750235 676796.1007740002 4618686.408258555
1.433932618236605 676796.0232690629 4618687.861750235 676796.1168682673 4618686.430875697
1.479517952819695 676796.0232690629 4618687.861750235 676796.1429279398 4618686.387079042
1.3670214827241467 676796.0232690629 4618687.861750235 676796.1069028623 4618686.497289491
1.1997701410511767 676796.0232690629 4618687.861750235 676796.0279017296 4618686.661989038
1.299496092291196 676796.0232690629 4618687.861750235 676796.047010422 4618686.562471034
1.2219785695304684 676796.0232690629 4618687.861750235 676796.0284498069 4618686.639782648
1.1336350068700163 676796.0232690629 4618687.861750235 676796.0096151535 4618686.728197457
0.9580987782038388 676796.0232690629 4618687.861750235 676795.9719458458 4618686.905027079
0.8950908632841963 676796.0232690629 4618687.861750235 676795.9370169272 4618686.970824748
0.7490573332172938 676796.0232690629 4618687.861750235 676795.8413734598 4618687.135113546
0.6970771843586213 676796.0232690629 4618687.861750235 676795.7728858191 4618687.211192911
0.6900527015651714 676796.0232690629 4618687.861750235 676795.696899121 4618687.253757314
0.6804805073209652 676796.0232690629 4618687.861750235 676795.5865315862 4618687.339913002
0.6666340658489712 676796.0232690629 4618687.861750235 676795.4833890739 4618687.470686845
0.658416317664342 676796.0232690629 4618687.861750235 676795.3667186771 4618687.812216021
0.7537340038397085 676796.0232690629 4618687.861750235 676795.2953906273 4618687.666026114
0.9152948993923345 676796.0232690629 4618687.861750235 676795.1276970675 4618688.050735827
1.3156108892946874 676796.0232690629 4618687.861750235 676794.8990149633 4618688.5450398745
1.4408857993930224 676796.0232690629 4618687.861750235 676794.8052897969 4618688.631606322
1.778900120642821 676796.0232690629 4618687.861750235 676794.598182729 4618688.926463614
1.904977123365298 676796.0232690629 4618687.861750235 676794.4722690396 4618688.967795789
2.012174222212724 676796.0232690629 4618687.861750235 676794.3552245937 4618688.987126949
2.258399975795414 676796.0232690629 4618687.861750235 676794.2082839895 4618689.2056995025
2.1806248566136808 676796.0232690629 4618687.861750235 676794.1874310225 4618689.038535455
2.438057765351644 676796.0232690629 4618687.861750235 676794.0560366212 4618689.301931539
2.871882323479787 676796.0232690629 4618687.861750235 676793.8617354415 4618689.752644331
3.1854948798487244 676796.0232690629 4618687.861750235 676793.6965083182 4618690.037425318
3.2985270042116444 676796.0232690629 4618687.861750235 676793.5708686891 4618690.0676543135
3.432153464149306 676796.0232690629 4618687.861750235 676793.4688223902 4618690.154015402
3.7333804261590773 676796.0232690629 4618687.861750235 676793.279727927 4618690.393767502
4.1657890226627945 676796.0232690629 4618687.861750235 676793.0698806247 4618690.799656788
4.311675627614541 676796.0232690629 4618687.861750235 676792.9836545732 4618690.919738213
4.424409589012185 676796.0232690629 4618687.861750235 676792.9229400958 4618691.018229366
4.4828769188392075 676796.0232690629 4618687.861750235 676792.8721909896 4618691.050306718
4.669747588272255 676796.0232690629 4618687.861750235 676792.784594774 4618691.225904124
4.716807462769844 676796.0232690629 4618687.861750235 676792.7504880053 4618691.258392222
4.728074968664323 676796.0232690629 4618687.861750235 676792.733845672 4618691.257981479
4.241318939224384 676796.0232690629 4618687.861750235 676792.961705449 4618690.7969869515
3.8725462085573623 676796.0232690629 4618687.861750235 676793.1288507688 4618690.434483582
3.693692814328012 676796.0232690629 4618687.861750235 676793.2325412674 4618690.281503317
3.5859623049780724 676796.0232690629 4618687.861750235 676793.309350021 4618690.205629303
3.5903668478310813 676796.0232690629 4618687.861750235 676793.3740011222 4618690.284994647
3.3881773003104754 676796.0232690629 4618687.861750235 676793.4785137333 4618690.098704801
3.3098962320306256 676796.0232690629 4618687.861750235 676793.5056695177 4618690.010495356
3.0668184126280233 676796.0232690629 4618687.861750235 676793.6037792135 4618689.746277774
3.208904586082589 676796.0232690629 4618687.861750235 676793.622713944 4618689.991164183
3.1838653306689175 676796.0232690629 4618687.861750235 676793.7533863197 4618690.094378904
3.258574225660306 676796.0232690629 4618687.861750235 676793.7833825661 4618690.228438737
3.438084000186817 676796.0232690629 4618687.861750235 676793.973499346 4618690.621979519
3.4118299442062416 676796.0232690629 4618687.861750235 676794.1707410434 4618690.726837233
3.486526367950895 676796.0232690629 4618687.861750235 676794.2670325815 4618690.87364325
3.3805996566661305 676796.0232690629 4618687.861750235 676794.3274730447 4618690.786255305
3.2285364473810447 676796.0232690629 4618687.861750235 676794.3645942239 4618690.631632068
3.0756473345811104 676796.0232690629 4618687.861750235 676794.4427731715 4618690.500242089
3.0017930675982867 676796.0232690629 4618687.861750235 676794.4202759971 4618690.399697211
2.880034453647411 676796.0232690629 4618687.861750235 676794.5303694361 4618690.3246447025
2.849354898371296 676796.0232690629 4618687.861750235 676794.6133070794 4618690.337801636
2.796510114630078 676796.0232690629 4618687.861750235 676794.6640561968 4618690.305724295
2.908229184259707 676796.0232690629 4618687.861750235 676794.5706050915 4618690.381187548
2.6695487613793056 676796.0232690629 4618687.861750235 676794.6101926082 4618690.126635557
2.5847503032879855 676796.0232690629 4618687.861750235 676794.6290272407 4618690.038220743
2.6156007400243677 676796.0232690629 4618687.861750235 676794.6609417291 4618690.094558213
2.6007273885979676 676796.0232690629 4618687.861750235 676794.7105947005 4618690.106893653
2.4834120609341612 676796.0232690629 4618687.861750235 676794.5010952413 4618689.823974055
2.177085982718896 676796.0232690629 4618687.861750235 676794.5190076899 4618689.4355676
2.4416669443305623 676796.0232690629 4618687.861750235 676794.4697288234 4618689.745430195
2.467564322788521 676796.0232690629 4618687.861750235 676794.4281229811 4618689.744403327
2.915128416538173 676796.0232690629 4618687.861750235 676794.120339828 4618690.070105734
3.382724497104435 676796.0232690629 4618687.861750235 676793.9179915313 4618690.5095099555
3.4837504688401553 676796.0232690629 4618687.861750235 676793.8658722385 4618690.597103278
3.8527218373050336 676796.0232690629 4618687.861750235 676793.797484748 4618691.006483886
4.248408571514036 676796.0232690629 4618687.861750235 676793.7121808969 4618691.426556945
4.740845264844552 676796.0232690629 4618687.861750235 676793.5586635099 4618691.911606194
5.349915967192838 676796.0232690629 4618687.861750235 676793.3691211294 4618692.5068659065
5.123847084549845 676796.0232690629 4618687.861750235 676793.400113399 4618692.263211732
5.068705147948347 676796.0232690629 4618687.861750235 676793.3770681457 4618692.1848732475
5.18571773749756 676796.0232690629 4618687.861750235 676793.332721968 4618692.294878338
5.216150183015216 676796.0232690629 4618687.861750235 676793.2908421058 4618692.30495467
5.304281249631772 676796.0232690629 4618687.861750235 676793.2473180324 4618692.381650173
5.48058971831983 676796.0232690629 4618687.861750235 676793.2176959444 4618692.569788376
5.1927648054593565 676796.0232690629 4618687.861750235 676793.299711341 4618692.282953653
5.221583240203256 676796.0232690629 4618687.861750235 676793.2988892363 4618692.316263238
5.26423138616613 676796.0232690629 4618687.861750235 676793.2894719312 4618692.360470645
5.1502089531352215 676796.0232690629 4618687.861750235 676793.3091286463 4618692.2387462435
4.897601553979997 676796.0232690629 4618687.861750235 676793.3983690749 4618691.996529677
4.337923082186483 676796.0232690629 4618687.861750235 676793.4966526673 4618691.38790767
4.027106652960336 676796.0232690629 4618687.861750235 676793.571443059 4618691.056454797
3.635173397869311 676796.0232690629 4618687.861750235 676793.5837746443 4618690.556811016
3.285187513731424 676796.0232690629 4618687.861750235 676793.5389541923 4618690.011316848
3.431111089528086 676796.0232690629 4618687.861750235 676793.5012849569 4618690.188146478
3.3623098270956877 676796.0232690629 4618687.861750235 676793.5037512723 4618690.088217723
3.1313125448843375 676796.0232690629 4618687.861750235 676793.5125203936 4618689.73291548
3.306494851493716 676796.0232690629 4618687.861750235 676793.4815281183 4618689.9765696535
3.622099967652123 676796.0232690629 4618687.861750235 676793.3404424161 4618690.295276351
3.7650454976345418 676796.0232690629 4618687.861750235 676793.2461692216 4618690.404049208
4.110556889850709 676796.0232690629 4618687.861750235 676793.2343857299 4618690.8814865975
4.42705293823337 676796.0232690629 4618687.861750235 676793.1834627143 4618691.25796837
4.343987271774905 676796.0232690629 4618687.861750235 676793.194250193 4618691.158244987
4.493283494831568 676796.0232690629 4618687.861750235 676793.173223305 4618691.335485363
4.566330162730971 676796.0232690629 4618687.861750235 676793.1382944311 4618691.401283047
4.418589936453755 676796.0232690629 4618687.861750235 676793.1429530194 4618691.212528729
2.841510738891137 676796.0232690629 4618687.861750235 676793.1824613792 4618687.924956119
3.9372809450265227 676796.0232690629 4618687.861750235 676793.2786738195 4618685.0387415225
5.852031678941036 676796.0232690629 4618687.861750235 676793.4637789973 4618682.599119203
7.744759056880664 676796.0232690629 4618687.861750235 676793.6406632015 4618680.492592742
8.211121627254387 676796.0232690629 4618687.861750235 676793.745075799 4618679.973001676
8.625166181662731 676796.0232690629 4618687.861750235 676793.7557631457 4618679.539977072
9.303843301063958 676796.0232690629 4618687.861750235 676793.8737035991 4618678.809630677
10.74163605495377 676796.0232690629 4618687.861750235 676794.1026335517 4618677.293216544
11.72998107063196 676796.0232690629 4618687.861750235 676794.0856907669 4618676.292902139
12.572947734908649 676796.0232690629 4618687.861750235 676794.1569925864 4618675.4280851735
13.120274502777004 676796.0232690629 4618687.861750235 676794.1706943252 4618674.872925428
13.961285284269842 676796.0232690629 4618687.861750235 676794.1415938451 4618674.027850381
14.543762670026364 676796.0232690629 4618687.861750235 676794.298125938 4618673.420666003
14.80762702243823 676796.0232690629 4618687.861750235 676794.3047027739 4618673.154189324
14.963916473301982 676796.0232690629 4618687.861750235 676794.2918968855 4618672.998333851
14.988012824451648 676796.0232690629 4618687.861750235 676794.2006378508 4618672.984971555
15.992686350924963 676796.0232690629 4618687.861750235 676794.0419607679 4618671.992269016
16.898598003369564 676796.0232690629 4618687.861750235 676794.031146819 4618671.080985549
17.72920145158544 676796.0232690629 4618687.861750235 676794.0100934259 4618670.247219075
19.722872740937998 676796.0232690629 4618687.861750235 676793.800914489 4618668.264483862
20.048770130858262 676796.0232690629 4618687.861750235 676793.7589342988 4618667.94125898
20.20736576637179 676796.0232690629 4618687.861750235 676793.7294859921 4618667.784992767
21.376005131199168 676796.0232690629 4618687.861750235 676793.9171843186 4618666.589749802
22.272104078608045 676796.0232690629 4618687.861750235 676794.1063530402 4618665.6722920835
22.274092715199124 676796.0232690629 4618687.861750235 676794.1898390406 4618665.663242613
19.174957525101384 676796.0232690629 4618687.861750235 676794.1045142754 4618668.78303497
16.61534312333621 676796.0232690629 4618687.861750235 676793.9322148052 4618671.378512713
17.424772197251887 676796.0232690629 4618687.861750235 676793.9774568983 4618670.5574924145
18.107610752322785 676796.0232690629 4618687.861750235 676794.0696117708 4618669.859839493
18.06357644586876 676796.0232690629 4618687.861750235 676794.0685156342 4618669.904252273
18.349114838704292 676796.0232690629 4618687.861750235 676794.1674476691 4618669.60672511
19.206265048434986 676796.0232690629 4618687.861750235 676794.3055930793 4618668.732447939
19.011526582508278 676796.0232690629 4618687.861750235 676794.2673756889 4618668.931483954
18.69878277092839 676796.0232690629 4618687.861750235 676794.2929874947 4618669.243194899
18.77214356874517 676796.0232690629 4618687.861750235 676794.3281905055 4618669.166294026
18.791361913179454 676796.0232690629 4618687.861750235 676794.3537021538 4618669.144703756
18.930184707579546 676796.0232690629 4618687.861750235 676794.3988705657 4618669.001389088
19.463279241291076 676796.0232690629 4618687.861750235 676794.4871890016 4618668.459180898
19.007457726943375 676796.0232690629 4618687.861750235 676794.4007888079 4618668.923666724
19.19470778429919 676796.0232690629 4618687.861750235 676794.5138969404 4618668.726479066
18.985692617655832 676796.0232690629 4618687.861750235 676794.5003690872 4618668.937234393
19.142914795298996 676796.0232690629 4618687.861750235 676794.5876915391 4618668.772740202
19.145417387389283 676796.0232690629 4618687.861750235 676794.5627279605 4618668.772124083
17.52193248945979 676796.0232690629 4618687.861750235 676794.3305093683 4618670.421776531
15.492755952518626 676796.0232690629 4618687.861750235 676793.996070435 4618672.502194488
14.282992900583631 676796.0232690629 4618687.861750235 676793.7401584695 4618673.762413647
12.384878354478891 676796.0232690629 4618687.861750235 676793.608716628 4618675.714522222
10.896999974877364 676796.0232690629 4618687.861750235 676793.3531790064 4618677.2969394205
9.155238019561578 676796.0232690629 4618687.861750235 676793.1487648648 4618679.169477298
7.611887885627154 676796.0232690629 4618687.861750235 676792.9983883661 4618680.876699487
6.5820614203002945 676796.0232690629 4618687.861750235 676792.7926778542 4618682.127047716
6.927458963699212 676796.0232690629 4618687.861750235 676792.8868509638 4618681.684973632
7.689108574130103 676796.0232690629 4618687.861750235 676793.3788701659 4618680.641670932
7.177063669195038 676796.0232690629 4618687.861750235 676793.4408811713 4618681.1653694445
5.976424730664571 676796.0232690629 4618687.861750235 676793.5682917065 4618682.412829356
4.863454161036249 676796.0232690629 4618687.861750235 676793.7311791608 4618683.572285203
3.7741980652788376 676796.0232690629 4618687.861750235 676793.9952908175 4618684.678689558
2.8642827965388173 676796.0232690629 4618687.861750235 676794.4673316218 4618685.456927036
2.4779909771628454 676796.0232690629 4618687.861750235 676794.0967415858 4618686.303247375
2.0882089377601107 676796.0232690629 4618687.861750235 676794.3126440966 4618686.664094695
1.6388393528538625 676796.0232690629 4618687.861750235 676794.3961560774 4618687.666052108
1.9331410093124528 676796.0232690629 4618687.861750235 676794.0961459451 4618688.014166281
1.1623359605730859 676796.0232690629 4618687.861750235 676794.8793320733 4618687.655757397
